{
    "transform": {
        "0": [
            -1.4203638784238137e-05,
            -1.0,
            -0.00017452043539378792,
            -0.0007035495946183801,
            9.99999993922529e-09,
            0.0001745404297253117,
            -1.0,
            -4.031099796295166,
            1.0,
            -1.4203638784238137e-05,
            7.51928741493657e-09,
            9.99999993922529e-09,
            9.99999993922529e-09,
            9.99999993922529e-09,
            9.99999993922529e-09,
            1.0
        ],
        "1": [
            0.03489936515688896,
            -0.9992386698722839,
            -0.0174417644739151,
            -0.07030952721834183, 
            9.99999993922529e-09,
            0.017452413216233253,
            -0.9998477697372437,
            -4.030486106872559, 
            0.9993907809257507,
            0.034894052892923355,
            0.0006090876995585859,
            0.0024552729446440935, 
            9.99999993922529e-09,
            9.99999993922529e-09,
            9.99999993922529e-09,
            1.0
        ],
        "2": [
            0.0697564110159874,
            -0.9969564080238342,
            -0.03481447324156761,
            -0.1403406411409378,
            9.99999993922529e-09,
            0.0348995104432106,
            -0.9993908405303955,
            -4.02864408493042,
            0.9975640177726746,
            0.06971392780542374,
            0.0024344734847545624,
            0.009813584387302399,
            9.99999993922529e-09,
            9.99999993922529e-09,
            9.99999993922529e-09,
            1.0
        ],
        "3": [
            0.10452843457460403,
            -0.9931589365005493,
            -0.05204923823475838,
            -0.20981572568416595,
            9.99999993922529e-09,
            0.052335962653160095,
            -0.9986295104026794,
            -4.025575160980225,
            0.9945219159126282,
            0.10438518226146698,
            0.005470604635775089,
            0.02205253206193447,
            9.99999993922529e-09,
            9.99999993922529e-09,
            9.99999993922529e-09,
            1.0
        ],
        "4": [
            0.13917306065559387,
            -0.987855851650238,
            -0.06907760351896286,
            -0.27845874428749084,
            9.99999993922529e-09,
            0.06975647807121277,
            -0.9975640773773193,
            -4.021280288696289,
            0.9902680516242981,
            0.13883404433727264,
            0.009708232246339321,
            0.039134833961725235,
            9.99999993922529e-09,
            9.99999993922529e-09,
            9.99999993922529e-09,
            1.0
        ],
        "5": [
            0.1736481785774231,
            -0.9810603260993958,
            -0.0858316421508789,
            -0.3459959328174591,
            9.99999993922529e-09,
            0.08715575188398361,
            -0.9961947202682495,
            -4.01576042175293,
            0.9848077893257141,
            0.17298740148544312,
            0.015134443528950214,
            0.06100843474268913,
            9.99999993922529e-09,
            9.99999993922529e-09,
            9.99999993922529e-09,
            1.0
        ],
        "6": [
            0.2079116851091385,
            -0.9727892279624939,
            -0.10224425792694092,
            -0.4121568500995636,
            9.99999993922529e-09,
            0.10452847182750702,
            -0.9945219159126282,
            -4.009016990661621,
            0.978147566318512,
            0.20677274465560913,
            0.021732697263360023,
            0.08760664612054825,
            9.99999993922529e-09,
            9.99999993922529e-09,
            9.99999993922529e-09,
            1.0
        ],
        "7": [
            0.24192190170288086,
            -0.9630633592605591,
            -0.1182493045926094,
            -0.47667473554611206,
            9.99999993922529e-09,
            0.12186936289072037,
            -0.9925462007522583,
            -4.001052379608154,
            0.9702957272529602,
            0.24011866748332977,
            0.029482873156666756,
            0.11884836852550507,
            9.99999993922529e-09,
            9.99999993922529e-09,
            9.99999993922529e-09,
            1.0
        ],
        "8": [
            0.27563732862472534,
            -0.9519068002700806,
            -0.1337817758321762,
            -0.5392876863479614,
            9.99999993922529e-09,
            0.13917313516139984,
            -0.9902681112289429,
            -3.9918694496154785,
            0.9612616896629333,
            0.2729548513889313,
            0.0383613184094429,
            0.15463827550411224,
            9.99999993922529e-09,
            9.99999993922529e-09,
            9.99999993922529e-09,
            1.0
        ],
        "9": [
            0.30901697278022766,
            -0.939347505569458,
            -0.1487780064344406,
            -0.5997390747070312,
            9.99999993922529e-09,
            0.15643449127674103,
            -0.9876883625984192,
            -3.9814703464508057,
            0.9510565400123596,
            0.30521246790885925,
            0.04834091663360596,
            0.19486704468727112,
            9.99999993922529e-09,
            9.99999993922529e-09,
            9.99999993922529e-09,
            1.0
        ],
        "10": [
            0.3420201241970062,
            -0.9254165887832642,
            -0.16317589581012726,
            -0.6577783823013306,
            9.99999993922529e-09,
            0.17364820837974548,
            -0.9848077297210693,
            -3.969858169555664,
            0.9396926164627075,
            0.33682408928871155,
            0.05939118191599846,
            0.23941177129745483,
            9.99999993922529e-09,
            9.99999993922529e-09,
            9.99999993922529e-09,
            1.0
        ],
        "11": [
            0.37460654973983765,
            -0.9101489186286926,
            -0.1769150197505951,
            -0.7131621241569519,
            9.99999993922529e-09,
            0.19080904126167297,
            -0.9816271662712097,
            -3.9570369720458984,
            0.9271838665008545,
            0.3677240014076233,
            0.07147831469774246,
            0.28813618421554565,
            9.99999993922529e-09,
            9.99999993922529e-09,
            9.99999993922529e-09,
            1.0
        ],
        "12": [
            0.4067366421222687,
            -0.8935823440551758,
            -0.1899367719888687,
            -0.7656541466712952,
            9.99999993922529e-09,
            0.20791171491146088,
            -0.9781476259231567,
            -3.9430108070373535,
            0.9135454297065735,
            0.397848516702652,
            0.08456531167030334,
            0.34089118242263794,
            9.99999993922529e-09,
            9.99999993922529e-09,
            9.99999993922529e-09,
            1.0
        ],
        "13": [
            0.4383711516857147,
            -0.8757579922676086,
            -0.20218464732170105,
            -0.8150265216827393,
            9.99999993922529e-09,
            0.22495107352733612,
            -0.9743700623512268,
            -3.9277830123901367,
            0.8987939953804016,
            0.42713576555252075,
            0.09861206263303757,
            0.39751502871513367,
            9.99999993922529e-09,
            9.99999993922529e-09,
            9.99999993922529e-09,
            1.0
        ],
        "14": [
            0.4694715440273285,
            -0.8567202687263489,
            -0.21360434591770172,
            -0.8610605001449585,
            9.99999993922529e-09,
            0.24192190170288086,
            -0.9702957272529602,
            -3.9113588333129883,
            0.882947564125061,
            0.4555262327194214,
            0.11357545852661133,
            0.4578339755535126,
            9.99999993922529e-09,
            9.99999993922529e-09,
            9.99999993922529e-09,
            1.0
        ],
        "15": [
            0.5,
            -0.8365163207054138,
            -0.224143847823143,
            -0.9035462737083435,
            9.99999993922529e-09,
            0.2588190734386444,
            -0.9659258127212524,
            -3.8937432765960693,
            0.8660253882408142,
            0.4829629361629486,
            0.1294095367193222,
            0.521662712097168,
            9.99999993922529e-09,
            9.99999993922529e-09,
            9.99999993922529e-09,
            1.0
        ],
        "16": [
            0.5299192667007446,
            -0.81519615650177,
            -0.2337537258863449,
            -0.9422846436500549,
            9.99999993922529e-09,
            0.27563735842704773,
            -0.9612616896629333,
            -3.874941825866699,
            0.8480480909347534,
            0.5093910694122314,
            0.14606556296348572,
            0.5888047814369202,
            9.99999993922529e-09,
            9.99999993922529e-09,
            9.99999993922529e-09,
            1.0
        ],
        "17": [
            0.5591928958892822,
            -0.7928125858306885,
            -0.24238711595535278,
            -0.9770867228507996,
            9.99999993922529e-09,
            0.2923717200756073,
            -0.9563047289848328,
            -3.854959726333618,
            0.8290375471115112,
            0.5347588658332825,
            0.16349220275878906,
            0.6590533256530762,
            9.99999993922529e-09,
            9.99999993922529e-09,
            9.99999993922529e-09,
            1.0
        ],
        "18": [
            0.5877852439880371,
            -0.7694209218025208,
            -0.2499999850988388,
            -1.0077749490737915,
            9.99999993922529e-09,
            0.30901700258255005,
            -0.9510565400123596,
            -3.83380389213562,
            0.80901700258255,
            0.55901700258255,
            0.18163564801216125,
            0.7321913838386536,
            9.99999993922529e-09,
            9.99999993922529e-09,
            9.99999993922529e-09,
            1.0
        ],
        "19": [
            0.6156615018844604,
            -0.7450788021087646,
            -0.25655120611190796,
            -1.0341835021972656,
            9.99999993922529e-09,
            0.32556816935539246,
            -0.9455185532569885,
            -3.8114795684814453,
            0.7880107760429382,
            0.582119345664978,
            0.20043978095054626,
            0.807992696762085,
            9.99999993922529e-09,
            9.99999993922529e-09,
            9.99999993922529e-09,
            1.0
        ],
        "20": [
            0.6427876353263855,
            -0.7198463082313538,
            -0.2620026171207428,
            -1.0561586618423462,
            9.99999993922529e-09,
            0.3420201539993286,
            -0.9396926164627075,
            -3.787994623184204,
            0.7660444378852844,
            0.6040228009223938,
            0.21984632313251495,
            0.8862224221229553,
            9.99999993922529e-09,
            9.99999993922529e-09,
            9.99999993922529e-09,
            1.0
        ],
        "21": [
            0.6691306233406067,
            -0.6937854886054993,
            -0.26631930470466614,
            -1.0735595226287842,
            9.99999993922529e-09,
            0.3583679795265198,
            -0.9335804581642151,
            -3.7633557319641113,
            0.7431448101997375,
            0.6246872544288635,
            0.2397949993610382,
            0.9666374325752258,
            9.99999993922529e-09,
            9.99999993922529e-09,
            9.99999993922529e-09,
            1.0
        ],
        "22": [
            0.6946583390235901,
            -0.6669602990150452,
            -0.2694694399833679,
            -1.0862581729888916,
            9.99999993922529e-09,
            0.3746066093444824,
            -0.9271838665008545,
            -3.7375707626342773,
            0.7193397879600525,
            0.6440760493278503,
            0.2602235972881317,
            1.0489872694015503,
            9.99999993922529e-09,
            9.99999993922529e-09,
            9.99999993922529e-09,
            1.0
        ],
        "23": [
            0.7193397879600525,
            -0.6394364237785339,
            -0.27142465114593506,
            -1.094139814376831,
            9.99999993922529e-09,
            0.3907311260700226,
            -0.9205048680305481,
            -3.710646867752075,
            0.6946583986282349,
            0.6621557474136353,
            0.28106844425201416,
            1.1330149173736572,
            9.99999993922529e-09,
            9.99999993922529e-09,
            9.99999993922529e-09,
            1.0
        ],
        "24": [
            0.7431448101997375,
            -0.6112812161445618,
            -0.27215996384620667,
            -1.0971038341522217,
            9.99999993922529e-09,
            0.40673667192459106,
            -0.9135454893112183,
            -3.6825928688049316,
            0.6691305637359619,
            0.6788966059684753,
            0.3022642731666565,
            1.2184573411941528,
            9.99999993922529e-09,
            9.99999993922529e-09,
            9.99999993922529e-09,
            1.0
        ],
        "25": [
            0.7660444378852844,
            -0.5825634598731995,
            -0.27165377140045166,
            -1.0950634479522705,
            9.99999993922529e-09,
            0.42261824011802673,
            -0.9063078165054321,
            -3.6534173488616943,
            0.6427876353263855,
            0.6942720413208008,
            0.32374435663223267,
            1.3050458431243896,
            9.99999993922529e-09,
            9.99999993922529e-09,
            9.99999993922529e-09,
            1.0
        ],
        "26": [
            0.7880107760429382,
            -0.5533528327941895,
            -0.2698882222175598,
            -1.0879464149475098,
            9.99999993922529e-09,
            0.4383711516857147,
            -0.8987940549850464,
            -3.6231284141540527,
            0.6156614422798157,
            0.7082594037055969,
            0.34544119238853455,
            1.3925079107284546,
            9.99999993922529e-09,
            9.99999993922529e-09,
            9.99999993922529e-09,
            1.0
        ],
        "27": [
            0.80901700258255,
            -0.5237205028533936,
            -0.26684892177581787,
            -1.0756946802139282,
            9.99999993922529e-09,
            0.45399048924446106,
            -0.8910065293312073,
            -3.591736316680908,
            0.5877852439880371,
            0.7208394408226013,
            0.3672860264778137,
            1.4805666208267212,
            9.99999993922529e-09,
            9.99999993922529e-09,
            9.99999993922529e-09,
            1.0
        ],
        "28": [
            0.829037606716156,
            -0.4937380254268646,
            -0.26252520084381104,
            -1.058265209197998,
            9.99999993922529e-09,
            0.46947163343429565,
            -0.8829476237297058,
            -3.5592496395111084,
            0.5591928958892822,
            0.7319967746734619,
            0.3892096281051636,
            1.568942666053772,
            9.99999993922529e-09,
            9.99999993922529e-09,
            9.99999993922529e-09,
            1.0
        ],
        "29": [
            0.8480480909347534,
            -0.46347787976264954,
            -0.25690996646881104,
            -1.0356297492980957,
            9.99999993922529e-09,
            0.48480963706970215,
            -0.874619722366333,
            -3.525679349899292,
            0.5299193263053894,
            0.7417196035385132,
            0.41114187240600586,
            1.6573538780212402,
            9.99999993922529e-09,
            9.99999993922529e-09,
            9.99999993922529e-09,
            1.0
        ],
        "30": [
            0.8660253882408142,
            -0.4330126941204071,
            -0.2499999850988388,
            -1.0077749490737915,
            9.99999993922529e-09,
            0.5,
            -0.8660253882408142,
            -3.491034746170044,
            0.5,
            0.75,
            0.4330126941204071,
            1.745517373085022,
            9.99999993922529e-09,
            9.99999993922529e-09,
            9.99999993922529e-09,
            1.0
        ],
        "31": [
            0.8829476237297058,
            -0.4024156928062439,
            -0.24179571866989136,
            -0.9747027158737183,
            9.99999993922529e-09,
            0.5150381326675415,
            -0.8571673035621643,
            -3.455327033996582,
            0.4694715738296509,
            0.7568338513374329,
            0.4547516405582428,
            1.8331491947174072,
            9.99999993922529e-09,
            9.99999993922529e-09,
            9.99999993922529e-09,
            1.0
        ],
        "32": [
            0.8987940549850464,
            -0.371759831905365,
            -0.23230129480361938,
            -0.9364297389984131,
            9.99999993922529e-09,
            0.5299193263053894,
            -0.8480480909347534,
            -3.4185664653778076,
            0.43837112188339233,
            0.7622206211090088,
            0.4762882888317108,
            1.9199656248092651,
            9.99999993922529e-09,
            9.99999993922529e-09,
            9.99999993922529e-09,
            1.0
        ],
        "33": [
            0.9135454893112183,
            -0.3411180377006531,
            -0.22152464091777802,
            -0.8929879665374756,
            9.99999993922529e-09,
            0.5446390509605408,
            -0.838670551776886,
            -3.3807647228240967,
            0.4067366421222687,
            0.76616370677948,
            0.4975525438785553,
            2.0056838989257812,
            9.99999993922529e-09,
            9.99999993922529e-09,
            9.99999993922529e-09,
            1.0
        ],
        "34": [
            0.9271838665008545,
            -0.31056293845176697,
            -0.20947733521461487,
            -0.8444241285324097,
            9.99999993922529e-09,
            0.5591928958892822,
            -0.8290375471115112,
            -3.341933012008667,
            0.3746066093444824,
            0.7686702609062195,
            0.5184746384620667,
            2.0900230407714844,
            9.99999993922529e-09,
            9.99999993922529e-09,
            9.99999993922529e-09,
            1.0
        ],
        "35": [
            0.9396926164627075,
            -0.28016647696495056,
            -0.19617468118667603,
            -0.7907997965812683,
            9.99999993922529e-09,
            0.5735764503479004,
            -0.8191520571708679,
            -3.302083730697632,
            0.3420201241970062,
            0.7697511315345764,
            0.538985550403595,
            2.1727044582366943,
            9.99999993922529e-09,
            9.99999993922529e-09,
            9.99999993922529e-09,
            1.0
        ],
        "36": [
            0.9510565400123596,
            -0.2499999850988388,
            -0.18163561820983887,
            -0.7321913838386536,
            9.99999993922529e-09,
            0.5877853035926819,
            -0.80901700258255,
            -3.261228322982788,
            0.30901700258255005,
            0.7694209218025208,
            0.55901700258255,
            2.253453254699707,
            9.99999993922529e-09,
            9.99999993922529e-09,
            9.99999993922529e-09,
            1.0
        ],
        "37": [
            0.9612616896629333,
            -0.22013379633426666,
            -0.16588270664215088,
            -0.6686897277832031,
            9.99999993922529e-09,
            0.6018151044845581,
            -0.7986355423927307,
            -3.219379425048828,
            0.2756373882293701,
            0.7676977515220642,
            0.5785017609596252,
            2.331998109817505,
            9.99999993922529e-09,
            9.99999993922529e-09,
            9.99999993922529e-09,
            1.0
        ],
        "38": [
            0.9702957272529602,
            -0.1906370371580124,
            -0.1489419788122177,
            -0.6004000306129456,
            9.99999993922529e-09,
            0.6156615018844604,
            -0.7880107760429382,
            -3.1765501499176025,
            0.24192190170288086,
            0.7646034955978394,
            0.5973737239837646,
            2.4080731868743896,
            9.99999993922529e-09,
            9.99999993922529e-09,
            9.99999993922529e-09,
            1.0
        ],
        "39": [
            0.9781476259231567,
            -0.1615777313709259,
            -0.13084305822849274,
            -0.5274415016174316,
            9.99999993922529e-09,
            0.6293203830718994,
            -0.7771459817886353,
            -3.1327528953552246,
            0.20791171491146088,
            0.7601634860038757,
            0.615568220615387,
            2.481416940689087,
            9.99999993922529e-09,
            9.99999993922529e-09,
            9.99999993922529e-09,
            1.0
        ],
        "40": [
            0.9848077297210693,
            -0.13302220404148102,
            -0.11161889135837555,
            -0.44994691014289856,
            9.99999993922529e-09,
            0.6427876353263855,
            -0.7660444378852844,
            -3.0880014896392822,
            0.1736481934785843,
            0.7544065117835999,
            0.6330222487449646,
            2.5517759323120117,
            9.99999993922529e-09,
            9.99999993922529e-09,
            9.99999993922529e-09,
            1.0
        ],
        "41": [
            0.9902680516242981,
            -0.10503527522087097,
            -0.09130576252937317,
            -0.36806267499923706,
            9.99999993922529e-09,
            0.6560590267181396,
            -0.7547096014022827,
            -3.0423097610473633,
            0.13917312026023865,
            0.74736487865448,
            0.6496742963790894,
            2.6189019680023193,
            9.99999993922529e-09,
            9.99999993922529e-09,
            9.99999993922529e-09,
            1.0
        ],
        "42": [
            0.9945219159126282,
            -0.07767977565526962,
            -0.06994318962097168,
            -0.2819480001926422,
            9.99999993922529e-09,
            0.6691306233406067,
            -0.7431448101997375,
            -2.9956908226013184,
            0.10452847182750702,
            0.7390738129615784,
            0.6654650568962097,
            2.68255615234375,
            9.99999993922529e-09,
            9.99999993922529e-09,
            9.99999993922529e-09,
            1.0
        ],
        "43": [
            0.9975640773773193,
            -0.05101663991808891,
            -0.04757378622889519,
            -0.19177472591400146,
            9.99999993922529e-09,
            0.6819984316825867,
            -0.7313537001609802,
            -2.948159694671631,
            0.06975647807121277,
            0.7295721769332886,
            0.6803370714187622,
            2.742506742477417,
            9.99999993922529e-09,
            9.99999993922529e-09,
            9.99999993922529e-09,
            1.0
        ],
        "44": [
            0.9993907809257507,
            -0.0251045860350132,
            -0.024243216961622238,
            -0.09772686660289764,
            9.99999993922529e-09,
            0.6946583986282349,
            -0.7193397879600525,
            -2.8997304439544678,
            0.034899502992630005,
            0.7189016342163086,
            0.6942352056503296,
            2.7985312938690186,
            9.99999993922529e-09,
            9.99999993922529e-09,
            9.99999993922529e-09,
            1.0
        ],
        "45": [
            1.0,
            1.248071335169243e-08,
            1.248071335169243e-08,
            9.99999993922529e-09,
            9.99999993922529e-09,
            0.7071068286895752,
            -0.7071068286895752,
            -2.8504178524017334,
            6.49174225486604e-09,
            0.7071068286895752,
            0.7071068286895752,
            2.8504178524017334,
            9.99999993922529e-09,
            9.99999993922529e-09,
            9.99999993922529e-09,
            1.0
        ],
        "46": [
            0.9993908405303955,
            0.02424323931336403,
            0.02510460838675499,
            0.10119914263486862,
            9.99999993922529e-09,
            0.7193397879600525,
            -0.6946583986282349,
            -2.8002374172210693,
            -0.03489948809146881,
            0.6942352652549744,
            0.7189015746116638,
            2.8979640007019043,
            9.99999993922529e-09,
            9.99999993922529e-09,
            9.99999993922529e-09,
            1.0
        ],
        "47": [
            0.9975640773773193,
            0.047573816031217575,
            0.0510166697204113,
            0.20565323531627655,
            9.99999993922529e-09,
            0.731353759765625,
            -0.6819983720779419,
            -2.7492034435272217,
            -0.06975647062063217,
            0.6803370714187622,
            0.7295721769332886,
            2.9409782886505127,
            9.99999993922529e-09,
            9.99999993922529e-09,
            9.99999993922529e-09,
            1.0
        ],
        "48": [
            0.9945219159126282,
            0.06994320452213287,
            0.07767979055643082,
            0.31313496828079224,
            9.99999993922529e-09,
            0.7431448698043823,
            -0.6691306233406067,
            -2.6973323822021484,
            -0.10452845692634583,
            0.6654650568962097,
            0.7390738129615784,
            2.9792802333831787,
            9.99999993922529e-09,
            9.99999993922529e-09,
            9.99999993922529e-09,
            1.0
        ],
        "49": [
            0.9902680516242981,
            0.09130577743053436,
            0.10503528267145157,
            0.4234076738357544,
            9.99999993922529e-09,
            0.7547096014022827,
            -0.6560590267181396,
            -2.644639492034912,
            -0.13917309045791626,
            0.6496742963790894,
            0.7473648190498352,
            3.012702226638794,
            9.99999993922529e-09,
            9.99999993922529e-09,
            9.99999993922529e-09,
            1.0
        ],
        "50": [
            0.9848077893257141,
            0.11161890625953674,
            0.1330222338438034,
            0.5362258553504944,
            9.99999993922529e-09,
            0.7660444974899292,
            -0.6427876353263855,
            -2.5911412239074707,
            -0.1736481636762619,
            0.6330222487449646,
            0.7544065117835999,
            3.0410878658294678,
            9.99999993922529e-09,
            9.99999993922529e-09,
            9.99999993922529e-09,
            1.0
        ],
        "51": [
            0.978147566318512,
            0.13084307312965393,
            0.1615777462720871,
            0.6513359546661377,
            9.99999993922529e-09,
            0.7771459817886353,
            -0.6293203830718994,
            -2.536853313446045,
            -0.2079116553068161,
            0.615568220615387,
            0.7601634860038757,
            3.0642948150634766,
            9.99999993922529e-09,
            9.99999993922529e-09,
            9.99999993922529e-09,
            1.0
        ],
        "52": [
            0.9702957272529602,
            0.1489420086145401,
            0.19063706696033478,
            0.7684769630432129,
            9.99999993922529e-09,
            0.7880107760429382,
            -0.6156615018844604,
            -2.48179292678833,
            -0.24192187190055847,
            0.5973737239837646,
            0.7646034955978394,
            3.082192897796631,
            9.99999993922529e-09,
            9.99999993922529e-09,
            9.99999993922529e-09,
            1.0
        ],
        "53": [
            0.9612616896629333,
            0.16588272154331207,
            0.22013379633426666,
            0.8873812556266785,
            9.99999993922529e-09,
            0.7986355423927307,
            -0.6018150448799133,
            -2.425976514816284,
            -0.27563735842704773,
            0.5785017609596252,
            0.7676977515220642,
            3.0946662425994873,
            9.99999993922529e-09,
            9.99999993922529e-09,
            9.99999993922529e-09,
            1.0
        ],
        "54": [
            0.9510565400123596,
            0.18163566291332245,
            0.2500000298023224,
            1.0077749490737915,
            9.99999993922529e-09,
            0.80901700258255,
            -0.5877853035926819,
            -2.3694210052490234,
            -0.30901703238487244,
            0.55901700258255,
            0.7694209218025208,
            3.1016123294830322,
            9.99999993922529e-09,
            9.99999993922529e-09,
            9.99999993922529e-09,
            1.0
        ],
        "55": [
            0.9396926164627075,
            0.1961747258901596,
            0.28016650676727295,
            1.129379153251648,
            9.99999993922529e-09,
            0.8191520571708679,
            -0.5735764503479004,
            -2.3121438026428223,
            -0.3420201539993286,
            0.538985550403595,
            0.7697511315345764,
            3.1029436588287354,
            9.99999993922529e-09,
            9.99999993922529e-09,
            9.99999993922529e-09,
            1.0
        ],
        "56": [
            0.9271838068962097,
            0.20947736501693726,
            0.31056293845176697,
            1.2519102096557617,
            9.99999993922529e-09,
            0.829037606716156,
            -0.5591928958892822,
            -2.254162311553955,
            -0.37460657954216003,
            0.5184746384620667,
            0.7686702609062195,
            3.0985865592956543,
            9.99999993922529e-09,
            9.99999993922529e-09,
            9.99999993922529e-09,
            1.0
        ],
        "57": [
            0.9135454893112183,
            0.2215246707201004,
            0.3411180377006531,
            1.3750808238983154,
            9.99999993922529e-09,
            0.8386706113815308,
            -0.5446390509605408,
            -2.1954944133758545,
            -0.4067366421222687,
            0.4975525438785553,
            0.76616370677948,
            3.08848237991333,
            9.99999993922529e-09,
            9.99999993922529e-09,
            9.99999993922529e-09,
            1.0
        ],
        "58": [
            0.8987940549850464,
            0.23230135440826416,
            0.371759831905365,
            1.4986008405685425,
            9.99999993922529e-09,
            0.8480481505393982,
            -0.5299193263053894,
            -2.136157512664795,
            -0.4383711516857147,
            0.4762883484363556,
            0.7622206211090088,
            3.072587251663208,
            9.99999993922529e-09,
            9.99999993922529e-09,
            9.99999993922529e-09,
            1.0
        ],
        "59": [
            0.882947564125061,
            0.24179574847221375,
            0.4024156630039215,
            1.6221777200698853,
            9.99999993922529e-09,
            0.8571673035621643,
            -0.5150380730628967,
            -2.076169967651367,
            -0.4694715440273285,
            0.4547516405582428,
            0.7568337917327881,
            3.050872564315796,
            9.99999993922529e-09,
            9.99999993922529e-09,
            9.99999993922529e-09,
            1.0
        ],
        "60": [
            0.866025447845459,
            0.25,
            0.4330126941204071,
            1.745517373085022,
            9.99999993922529e-09,
            0.866025447845459,
            -0.5,
            -2.015549898147583,
            -0.5,
            0.4330127239227295,
            0.75,
            3.023324966430664,
            9.99999993922529e-09,
            9.99999993922529e-09,
            9.99999993922529e-09,
            1.0
        ],
        "61": [
            0.8480480909347534,
            0.25690996646881104,
            0.46347782015800476,
            1.8683253526687622,
            9.99999993922529e-09,
            0.874619722366333,
            -0.48480960726737976,
            -1.9543159008026123,
            -0.5299192667007446,
            0.41114187240600586,
            0.7417196035385132,
            2.989945650100708,
            9.99999993922529e-09,
            9.99999993922529e-09,
            9.99999993922529e-09,
            1.0
        ],
        "62": [
            0.829037606716156,
            0.26252517104148865,
            0.4937380254268646,
            1.9903072118759155,
            9.99999993922529e-09,
            0.8829476237297058,
            -0.4694715738296509,
            -1.892486810684204,
            -0.5591928958892822,
            0.3892095983028412,
            0.7319967150688171,
            2.950751781463623,
            9.99999993922529e-09,
            9.99999993922529e-09,
            9.99999993922529e-09,
            1.0
        ],
        "63": [
            0.80901700258255,
            0.26684892177581787,
            0.5237205028533936,
            2.1111695766448975,
            9.99999993922529e-09,
            0.8910065293312073,
            -0.45399048924446106,
            -1.8300809860229492,
            -0.5877852439880371,
            0.3672860264778137,
            0.7208394408226013,
            2.905775785446167,
            9.99999993922529e-09,
            9.99999993922529e-09,
            9.99999993922529e-09,
            1.0
        ],
        "64": [
            0.7880107164382935,
            0.2698882520198822,
            0.5533528923988342,
            2.2306206226348877,
            9.99999993922529e-09,
            0.8987940549850464,
            -0.4383711516857147,
            -1.7671178579330444,
            -0.6156615018844604,
            0.34544116258621216,
            0.7082593441009521,
            2.8550641536712646,
            9.99999993922529e-09,
            9.99999993922529e-09,
            9.99999993922529e-09,
            1.0
        ],
        "65": [
            0.7660444378852844,
            0.27165380120277405,
            0.5825634002685547,
            2.3483712673187256,
            9.99999993922529e-09,
            0.9063078165054321,
            -0.4226182699203491,
            -1.7036163806915283,
            -0.6427876353263855,
            0.32374438643455505,
            0.6942720413208008,
            2.798679828643799,
            9.99999993922529e-09,
            9.99999993922529e-09,
            9.99999993922529e-09,
            1.0
        ],
        "66": [
            0.7431448101997375,
            0.2721599340438843,
            0.6112812161445618,
            2.4641356468200684,
            9.99999993922529e-09,
            0.9135454893112183,
            -0.4067366421222687,
            -1.6395959854125977,
            -0.6691305637359619,
            0.3022642433643341,
            0.6788966059684753,
            2.7367000579833984,
            9.99999993922529e-09,
            9.99999993922529e-09,
            9.99999993922529e-09,
            1.0
        ],
        "67": [
            0.7193398475646973,
            0.27142465114593506,
            0.6394364237785339,
            2.577631950378418,
            9.99999993922529e-09,
            0.9205049276351929,
            -0.3907311260700226,
            -1.5750761032104492,
            -0.6946583986282349,
            0.28106847405433655,
            0.66215580701828,
            2.6692161560058594,
            9.99999993922529e-09,
            9.99999993922529e-09,
            9.99999993922529e-09,
            1.0
        ],
        "68": [
            0.6946583986282349,
            0.26946941018104553,
            0.6669602394104004,
            2.6885833740234375,
            9.99999993922529e-09,
            0.9271838665008545,
            -0.37460657954216003,
            -1.5100765228271484,
            -0.7193397879600525,
            0.2602235972881317,
            0.6440760493278503,
            2.596334934234619,
            9.99999993922529e-09,
            9.99999993922529e-09,
            9.99999993922529e-09,
            1.0
        ],
        "69": [
            0.6691306233406067,
            0.26631927490234375,
            0.6937854886054993,
            2.7967185974121094,
            9.99999993922529e-09,
            0.9335804581642151,
            -0.3583679497241974,
            -1.4446169137954712,
            -0.7431448101997375,
            0.23979498445987701,
            0.6246872544288635,
            2.518176555633545,
            9.99999993922529e-09,
            9.99999993922529e-09,
            9.99999993922529e-09,
            1.0
        ],
        "70": [
            0.6427876353263855,
            0.2620026469230652,
            0.7198463082313538,
            2.9017722606658936,
            9.99999993922529e-09,
            0.9396926760673523,
            -0.3420201539993286,
            -1.3787174224853516,
            -0.7660444378852844,
            0.21984633803367615,
            0.6040228009223938,
            2.4348762035369873,
            9.99999993922529e-09,
            9.99999993922529e-09,
            9.99999993922529e-09,
            1.0
        ],
        "71": [
            0.6156615018844604,
            0.25655123591423035,
            0.7450788021087646,
            3.0034871101379395,
            9.99999993922529e-09,
            0.9455186128616333,
            -0.32556816935539246,
            -1.312397837638855,
            -0.7880107760429382,
            0.20043979585170746,
            0.582119345664978,
            2.346581220626831,
            9.99999993922529e-09,
            9.99999993922529e-09,
            9.99999993922529e-09,
            1.0
        ],
        "72": [
            0.5877853035926819,
            0.25,
            0.769420862197876,
            3.1016123294830322,
            9.99999993922529e-09,
            0.9510565400123596,
            -0.30901700258255005,
            -1.245678424835205,
            -0.80901700258255,
            0.18163566291332245,
            0.55901700258255,
            2.253453254699707,
            9.99999993922529e-09,
            9.99999993922529e-09,
            9.99999993922529e-09,
            1.0
        ],
        "73": [
            0.5591928958892822,
            0.24238714575767517,
            0.7928125858306885,
            3.195906639099121,
            9.99999993922529e-09,
            0.9563047885894775,
            -0.2923716902732849,
            -1.1785794496536255,
            -0.829037606716156,
            0.16349218785762787,
            0.5347588062286377,
            2.1556661128997803,
            9.99999993922529e-09,
            9.99999993922529e-09,
            9.99999993922529e-09,
            1.0
        ],
        "74": [
            0.5299192667007446,
            0.2337537556886673,
            0.81519615650177,
            3.286137104034424,
            9.99999993922529e-09,
            0.9612616896629333,
            -0.27563735842704773,
            -1.111121654510498,
            -0.8480480909347534,
            0.14606556296348572,
            0.5093910694122314,
            2.053406238555908,
            9.99999993922529e-09,
